18690620668,257.0,0.0,257.0
14527986777,480.0,264.0,744.0
13039447810,815.0,0.0,815.0
18509980153,728.0,542.0,1270.0
13070417859,781.0,561.0,1342.0
14596647350,672.0,837.0,1509.0
18690685919,1470.0,170.0,1640.0
13289910946,1006.0,651.0,1657.0
15699078406,1005.0,700.0,1705.0
13095199492,983.0,741.0,1724.0
15699051065,1104.0,651.0,1755.0
13119999901,1257.0,532.0,1789.0
14537944352,1033.0,764.0,1797.0
18690899519,907.0,1228.0,2135.0
1569923092,1322.0,850.0,2172.0
18690237517,1286.0,948.0,2234.0
15509922659,472.0,1813.0,2285.0
15699094490,1817.0,562.0,2379.0
13199790918,1403.0,1005.0,2408.0
14527850027,725.0,2142.0,2867.0
15609994670,1007.0,1892.0,2899.0
18609988026,2056.0,938.0,2994.0
13119029569,1036.0,2303.0,3339.0
15599967634,1747.0,2607.0,4354.0
14527878129,512.0,3982.0,4494.0
13009696931,772.0,4007.0,4779.0
13031285762,1177.0,4697.0,5874.0
14527905009,687.0,5232.0,5919.0
18599245596,816.0,5131.0,5947.0
15569203178,1073.0,6173.0,7246.0
14596649056,2681.0,10466.0,13147.0
13139796033,1462.0,14274.0,15736.0
13150242204,1455.0,20925.0,22380.0
14527912334,2082.0,41716.0,43798.0
13199888639,2766.0,41047.0,43813.0
14509690328,772.0,43543.0,44315.0
18699950777,2833.0,100719.0,103552.0
14537975990,8787.0,95109.0,103896.0
